<svg width="49px"  height="28px" viewBox="0 0 49 28" version="1.1" xmlns="http://www.w3.org/2000/svg" xmlns:xlink="http://www.w3.org/1999/xlink">
    <!-- Generator: Sketch 47.1 (45422) - http://www.bohemiancoding.com/sketch -->
    <desc>Created with Sketch.</desc>
    <defs></defs>
    <g id="Symbols" stroke="none" stroke-width="1" fill="none" fill-rule="evenodd">
        <g id="Pre-Header/color2" transform="translate(-250.000000, -10.000000)" fill="#4A4A4A">
            <polygon id="Page-1" points="275.223564 10 274.648227 10.5805694 257.873371 10.5805694 257.873371 11.7682638 258.208649 12.1072889 258.208649 12.4567703 258.531228 12.7807196 259.0316 13.2906127 259.202989 13.461868 259.202989 14.7041394 259.339454 14.8408449 259.58381 14.5939894 259.695916 14.7083717 259.695916 14.9628618 260.058783 15.3284148 260.058783 15.6406631 260.506276 16.0960621 261.025643 16.0960621 261.153514 15.9656913 261.566248 15.9656913 261.79161 15.7347138 262.004162 15.9485408 262.004162 18.937804 256.9266 18.937804 256.9266 16.8251487 257.192195 16.5557764 256.890582 16.2488945 256.890582 15.933548 257.091585 15.7282409 257.091585 15.1274229 257.300032 14.9156982 257.300032 14.4774772 257.176212 14.2316176 257.176212 10.5805141 253.022211 10.5805141 253.022211 12.558345 250 12.558345 251.165673 13.7332596 251.165673 21.9600956 257.145612 28.9361127 259.71179 28.9361127 261.993516 31.2464958 263.291466 31.2464958 263.291466 30.7354133 264.495293 30.7354133 267.833733 34.1095098 268.18494 33.754579 268.18494 32.6481279 268.995246 32.6481279 269.98849 33.646642 269.98849 35.0106815 271.544509 36.5845646 272.497684 36.5845646 273.234968 37.3328486 273.234968 35.0106815 274.109757 35.0106815 275.511247 33.5952738 282.785797 33.5952738 282.785797 32.0365217 284.868764 32.0365217 285.852539 33.0285353 286.728422 33.0285353 288.347966 34.6642983 288.347966 36.3836281 289.310529 37.3595977 289.947312 38 290.446589 37.4932327 290.446589 34.0699532 289.941865 34.0699532 289.941865 30.3088657 290.803023 27.5696943 291.360488 27.5696943 293.458125 25.4507597 293.458125 20.8985122 294.929518 19.3953884 295.496425 18.7132995 296.074061 18.1338365 296.074061 17.5864614 296.397762 17.5864614 297.416433 16.5537018 296.305663 16.5708522 296.305663 13.5687262 298.740741 13.5687262 298.740741 12.6107921 297.892473 11.7532987 297.892473 10.3484855 296.720532 10.3484855 294.813306 13.4008457 293.53747 13.3858252 291.737122 15.4128391 291.737122 16.4787378 291.322581 16.4787378 290.348222 16.5707139 286.304138 18.7869356 286.194194 16.1355358 285.530836 16.1355358 285.530836 14.8301674 284.487888 14.8301674 283.146776 16.1879828 283.146776 18.1658691 282.545766 18.7731323 282.153394 18.3775938 282.153394 15.1339511 283.196342 14.0775405 285.032708 14.0775405 284.156825 13.194515 282.178711 13.194515 282.178711 12.366039 281.357868 13.194515 279.020227 13.194515 280.61949 11.5792496 278.244735 11.5792496 278.244735 10.5880382 275.806374 10.5880382"></polygon>
        </g>
    </g>
</svg>
